0.0 0.0 0.0 2.0 4.0 6.0 8.0 10.0 12.0 14.0 16.0 18.0 20.0 22.0 24.0 26.0 28.0 30.0 32.0 34.0 36.0 38.0 40.0 
0.0	-9.0	0.0	0.0	0.0	0.0	0.0	0.0	0.0	0.0	0.0	0.0	0.0	0.0	0.0	0.0	0.0	0.0	0.0	0.0	0.0	0.0	0.0
828009.2422886146	-9.0	5.614213246523478e-5	5.6152273522200224e-5	5.61848107908995e-5	5.624730136382315e-5	5.635790960234257e-5	5.6562936650963846e-5	5.701487314777577e-5	5.869816238159808e-5	0.0003893190931800336	0.0007756688989926048	0.0008054816886236137	0.0008140102650605386	0.0008181578771158947	0.0008205945405462241	0.00082218560533455	0.0008232983024668727	0.0008241155014823003	0.0008247392792997147	0.0008252338844839485	0.0008256581474665863	0.0008267594629678607
3.136783324358177e6	-9.0	6.328623150843859e-5	6.33126459435651e-5	6.339739080428852e-5	6.356014193078763e-5	6.38482549670121e-5	6.438280797332798e-5	6.55655727273971e-5	7.00626406841393e-5	0.0008569147743655735	0.00242344812853484	0.0027764148941354433	0.002904814039919169	0.0029712846542886266	0.003011452823056662	0.003038100895325676	0.003056952425270267	0.0030709680152161242	0.0030818870475385098	0.003090980404500513	0.0031000512192868386	0.003123311265595579
4.730379377588483e6	-9.0	6.501805905764038e-5	6.50530765024211e-5	6.516550068024553e-5	6.538175091782752e-5	6.576570394569131e-5	6.648205026039099e-5	6.808620063606698e-5	7.443642251125792e-5	0.0011188624881109876	0.003316036125802298	0.003945681949865472	0.004205648083581687	0.0043485280905041	0.004437904009722503	0.004498539888195265	0.0045421516723619495	0.0045750662951006575	0.004601185578079425	0.004623610724078508	0.004647056825639685	0.0047025410946533
6.215941704191033e6	-9.0	6.613535455127913e-5	6.617784449198403e-5	6.631437438386727e-5	6.657749098777497e-5	6.704629733806148e-5	6.792668667160773e-5	6.992587545556028e-5	7.822518941782554e-5	0.0013553857480850277	0.004051540965319065	0.004935952318246846	0.005332588257540511	0.005561115114284437	0.005708539738691375	0.005810760695514309	0.005885541852558413	0.005942859912808387	0.005989150319990912	0.006029864364873211	0.006073623936682202	0.006171185890943985
7.706428370600309e6	-9.0	6.702346879461708e-5	6.70732827753383e-5	6.72335020968117e-5	6.754294639843934e-5	6.809652045338032e-5	6.914390427992037e-5	7.156074393685774e-5	8.217835655615899e-5	0.0015917859584424923	0.0047264121820449695	0.005855948483061305	0.006394657877867904	0.006717309252959148	0.006931252142273789	0.007082702980458253	0.00719539147966622	0.0072831244706719825	0.007355183936186528	0.007419836465163467	0.007490426102757971	0.007641358909997594
9.234475463765407e6	-9.0	6.779528239930476e-5	6.785262959114751e-5	6.803728135219073e-5	6.83947950636573e-5	6.903728164211635e-5	7.026324602060528e-5	7.31444934588327e-5	8.66896804369884e-5	0.0018359362368014008	0.0053708629997742735	0.0067391388794579244	0.007424234319329024	0.00784813680057503	0.00813617300865755	0.008344073519615398	0.008501339528344615	0.008625686934267603	0.008729485870443336	0.008824232372116846	0.008928695730012216	0.009144644179253281
1.0703028476112727e7	-9.0	6.845468576641557e-5	6.851942873439719e-5	6.872813257651832e-5	6.913325301203192e-5	6.986475449271288e-5	7.127299883127917e-5	7.464731620632358e-5	9.175227995327009e-5	0.002073549727390617	0.005956061582134471	0.00754199202466513	0.008366346688473318	0.008889856782116037	0.009252891649923073	0.009519372630312967	0.009723953706540478	0.00988800080081547	0.010026924396370903	0.010155561945614766	0.010298553250528553	0.010586934521034957
1.2192839578163818e7	-9.0	6.907001590609416e-5	6.914252071499132e-5	6.937653538075248e-5	6.983205401474826e-5	7.065880814322621e-5	7.226590293504352e-5	7.619988628388902e-5	9.798188671747403e-5	0.0023182432986395118	0.006523129773633371	0.008318833794814755	0.009281972748160833	0.009907439123669377	0.010349065376373963	0.010678253701015675	0.01093449876428462	0.011142725733110587	0.011321445786363292	0.011489045735704721	0.011676476966039892	0.012047383753570323
1.3696325668285219e7	-9.0	6.965480342267306e-5	6.973549550529873e-5	6.999628163883473e-5	7.05054313727855e-5	7.14346633931792e-5	7.325994993160682e-5	7.783379474518782e-5	0.00010591461692375064	0.0025692819756000817	0.007073805403749546	0.009070885431486021	0.010171037186112317	0.010899441071153438	0.011422030473382963	0.011817041872136488	0.012128496979023766	0.012384759379621182	0.012607457311809234	0.012818684312284378	0.013056106227243519	0.0135177699020527
1.5040260775755005e7	-9.0	7.015732121256784e-5	7.024570168368604e-5	7.05316939003719e-5	7.109163238519221e-5	7.2118932417145e-5	7.415701415927003e-5	7.938039384470793e-5	0.00011506448850632515	0.0027973584559054577	0.007551149191269142	0.009720228414258769	0.010940100955216808	0.011760100845945101	0.012355936905956622	0.012811441262285731	0.013174414029990464	0.013476167629437522	0.013741095422896761	0.013994695470425743	0.014281205265717762	0.01483357291427877
1.6615240795103623e7	-8.967841433355373	7.073135303118924e-5	7.082927046591896e-5	7.114661397662712e-5	7.177010351845059e-5	7.292145443733617e-5	7.523408815594726e-5	8.133196672279708e-5	0.00012953492552045565	0.003069214447967076	0.008095956105715011	0.010457861889946586	0.01181470503397165	0.012741201876545899	0.0134234742155833	0.013951390658900885	0.014376898603780004	0.01473462653061104	0.015052168920855799	0.015359060628824688	0.015706906739943995	0.0163662507513668
1.8036064308536995e7	-9.0	7.124199442110364e-5	7.134907927655781e-5	7.169664344386939e-5	7.238177246194708e-5	7.365480197013785e-5	7.62423341726058e-5	8.325615372814518e-5	0.00014785373260193984	0.0033187930180366932	0.008576303593916524	0.011104789249599688	0.01258217489060602	0.013603775383601427	0.014364287159511218	0.014958612525109636	0.015442213916180428	0.015852593156263056	0.016220190698991534	0.016578211875768932	0.016985391876729983	0.01775153304269644
1.9482148535270732e7	-9.0	7.175998435500772e-5	7.18770281314805e-5	7.225751076860586e-5	7.301018518087878e-5	7.441801387524395e-5	7.731627688340428e-5	8.541308619826965e-5	0.00017414425763124882	0.0035771072566108306	0.009056281676014934	0.011747769564368224	0.013345005741264864	0.014462349746577901	0.01530254186757809	0.015965262535825503	0.01650935837819646	0.01697514843798529	0.017395919563179183	0.01780860741616818	0.018279179640737938	0.01915939860194494
2.096491836693937e7	-9.0	7.229385860352292e-5	7.24218591666616e-5	7.283865951022473e-5	7.366631684698908e-5	7.522548944080344e-5	7.848003434996285e-5	8.787976482206143e-5	0.00021206018475041364	0.0038465519067566027	0.009540745571963747	0.012393106849367638	0.014110400842917885	0.015324765087098239	0.016246565626911715	0.016980067782651376	0.01758741045268955	0.018111701083609055	0.01858910026055337	0.019060391647943313	0.019599188250956034	0.020602087695701484
2.2516370803476837e7	-8.985808562403827	7.285989170244634e-5	7.300026931859431e-5	7.345821483712318e-5	7.437137609358578e-5	7.610519794984691e-5	7.978018775854048e-5	9.08003025705001e-5	0.00026620468124727916	0.004133519905625216	0.010040855187943464	0.013055331848080809	0.0148953367909253	0.016209949319129537	0.01721692407303935	0.01802502525749478	0.018699666722268908	0.01928677638948884	0.019825478982470817	0.02036061153761136	0.020973954297439947	0.022105460045104545
2.3922360931385554e7	-9.0	7.338296336600293e-5	7.353546429842171e-5	7.403382751093742e-5	7.503152180867176e-5	7.694006290151935e-5	8.104518240772699e-5	9.381477428862794e-5	0.00032907905023290635	0.004398108591733229	0.01048922443419026	0.013645582586632779	0.015594368628339132	0.01699872008838666	0.018082625900950968	0.018958694106061515	0.019695172975178525	0.020340469052970066	0.020936357821679335	0.021531365518450588	0.022214877345917174	0.02347061385519231
2.5302076749383222e7	-9.0	7.39086151313724e-5	7.407395079956871e-5	7.461522132150305e-5	7.570320954576539e-5	7.780051309597479e-5	8.238055770884118e-5	9.718898832303407e-5	0.000403578455116058	0.004662004528412926	0.01092563031378574	0.014216927636614047	0.016270347536971996	0.01776175484943539	0.018920874332808243	0.019863892881733566	0.020661728992878665	0.02136515569280533	0.02201851700481205	0.022673966722873487	0.023428492977381705	0.024810734195065704
2.6859624473611385e7	-9.0	7.452019620777777e-5	7.470126931986825e-5	7.529530662556488e-5	7.649507460924274e-5	7.882895107415714e-5	8.401854496120485e-5	0.00010160838553619392	0.0005024814704328405	0.004965059391565169	0.011414953554918504	0.014853859166682996	0.017023026265831534	0.018611545389475542	0.0198552059773197	0.020874027007761482	0.02174182034482148	0.022511956306458702	0.02323163512831391	0.02395708426914696	0.024793689731323218	0.02631904422373654
2.837899977079319e7	-9.0	7.51389782415822e-5	7.533683295816647e-5	7.598731514754489e-5	7.730750200045276e-5	7.989962048533506e-5	8.577199160437217e-5	0.00010669828251689553	0.0006134733658626975	0.005266038892835753	0.011889747423965237	0.015468177498832366	0.017747972661415774	0.019430073808336137	0.020755806112781945	0.02184873327379928	0.022785375902335144	0.023621565958498524	0.02440724332606073	0.025202580650534993	0.026121247775332077	0.027791701162898502
2.9948626963559784e7	-8.971340093075666	7.580520367043789e-5	7.602206485051268e-5	7.673668158545618e-5	7.819468976681341e-5	8.108643264608222e-5	8.777272746458035e-5	0.00011298535714416653	0.0007425073128334847	0.0055826309991554215	0.012378447024425884	0.01609673203387421	0.01848859082165873	0.020266223538923475	0.021676315615144392	0.02284590958850446	0.023854215905936137	0.024759539961458816	0.02561460813652869	0.026483661395926787	0.02748904548628731	0.02930549690194299
3.1412405295768637e7	-9.0	7.645488349396792e-5	7.669118754379035e-5	7.747162360276376e-5	7.907210951549038e-5	8.227790296505459e-5	8.984130413242681e-5	0.00012005742338767086	0.0008754317366073178	0.005883155829846358	0.012833213994710217	0.016678278145262963	0.019172726518785172	0.021038441824993523	0.022526807299404216	0.02376795519391725	0.02484351203113439	0.025814029690122288	0.02673479492401116	0.027673833082528524	0.028761684652426484	0.030722272303055343
3.277970809990896e7	-9.0	7.708973299505595e-5	7.734587553533687e-5	7.819367753818113e-5	7.994101146910927e-5	8.347482013568603e-5	9.197952731970656e-5	0.00012802203886897514	0.0010101457838110788	0.006168567478404537	0.013257667339544312	0.01721818868987683	0.019806886747502105	0.021754036866068138	0.023315168076169946	0.024623173614380562	0.025761861664886365	0.026793833542487495	0.027776737963561785	0.02878213808406062	0.029948434877630273	0.03204628342277554
3.430914730417137e7	-9.0	7.783579823963692e-5	7.81162804794542e-5	7.904700144089312e-5	8.097642294396818e-5	8.492274332850213e-5	9.464644114906033e-5	0.0001389633280266374	0.0011724853198864158	0.006493298509310281	0.013732589312777066	0.01781907867318417	0.020511491443714044	0.022548805256238785	0.024190928493779802	0.02557370826347066	0.026783310647330208	0.02788457246525832	0.028937740054818795	0.030018279226329353	0.03127297212803975	0.03352413493467257
3.584977936087125e7	-8.974959953635677	7.863022703555276e-5	7.893780295082973e-5	7.996115021758535e-5	8.209561512902472e-5	8.651370395329304e-5	9.767783212591264e-5	0.00015288150050721703	0.0013480565284611824	0.006826367986699469	0.014211659132834014	0.018421854404855442	0.021217009933371115	0.02334419555650427	0.025067474300519442	0.02652553384266799	0.027806831860432337	0.028978398355008324	0.030103049682388302	0.031260139110640746	0.03260497963340532	0.03501386498597695
3.7205363521804154e7	-9.0	7.936890171809986e-5	7.970271917874732e-5	8.081608537612303e-5	8.315138012563525e-5	8.803859673077044e-5	0.00010068250224644742	0.00016837804152242285	0.0015122587822088314	0.007124481999817393	0.014634150054675643	0.01895070896359742	0.021834903628210535	0.024040407874587326	0.025834741327051325	0.027358986094887308	0.028703551732257998	0.02993735519717893	0.03112545046272195	0.03235064082997547	0.03377609940346504	0.036321587523912215
3.855850977940846e7	-9.0	8.01472120882752e-5	8.050973424855299e-5	8.172189241926444e-5	8.427925614881986e-5	8.969294363247473e-5	0.00010405213459170705	0.00018793490056789205	0.001685026878598755	0.007426864655190761	0.015057114775858034	0.019477655288775667	0.022449515005395135	0.024732512179923352	0.026597441755991196	0.02818768253367611	0.02959553382111648	0.030891754830651128	0.032143601708228	0.03343728820129336	0.03494364208051376	0.037631749038660324
4.0085287599761516e7	-9.0	8.107966065618811e-5	8.147794571460364e-5	8.28136314398862e-5	8.56509795295189e-5	9.173945280309146e-5	0.00010837937094689211	0.00021659167314134927	0.0018903807825045803	0.007773922978120311	0.015536207454219327	0.020071583487144558	0.023140965108752267	0.025510603315269637	0.027454790304857507	0.02911938928816788	0.0305987637223645	0.031965701792855995	0.03328990153568631	0.03466136474562225	0.0362592498047068	0.03910415515307504
4.164138800657794e7	-8.988101854379003	8.209564210130947e-5	8.253453164532292e-5	8.401102618938595e-5	8.717047687372518e-5	9.40496504256006e-5	0.00011347687768226075	0.0002553420682530708	0.002110841016751678	0.008134186249842568	0.01602692653889871	0.02067677344629087	0.02384409809387107	0.02630120035753278	0.028325732534013513	0.030065978523388506	0.03161833367066156	0.033057600235377085	0.034455916334543535	0.03590708528492253	0.037598784140155606	0.04060476169051892
4.2949947785328105e7	-9.0	8.300674029424244e-5	8.348343814760526e-5	8.509154448379203e-5	8.85547438790886e-5	9.619296529439147e-5	0.00011841017108362828	0.00029729469530377303	0.0023048257137222358	0.008442353914957693	0.016441773402096935	0.02118597622563477	0.02443457713610449	0.026964593174994944	0.029056351449767207	0.030860088898396316	0.03247385683792672	0.03397411428344674	0.03543502820143287	0.03695362187829503	0.03872513788641834	0.041868809710223734
4.431590638478187e7	-8.913790018075483	8.40187403874839e-5	8.453892102939766e-5	8.629895124704449e-5	9.011582653276884e-5	9.865349161450872e-5	0.00012431936621632207	0.0003517456568067308	0.002515597075078509	0.00876921796610688	0.01687721188982826	0.021718140017827233	0.025050563552444966	0.0276560864900695	0.029817688447538095	0.03168756784055987	0.03336545490344275	0.034929502877224024	0.03645597274708127	0.038045241057185035	0.03990031482622021	0.04319500555899809
4.561245464916495e7	-9.0	8.504242579154065e-5	8.560812547682916e-5	8.752780346250728e-5	9.171964293302326e-5	0.00010122853852903646	0.0001307901136318731	0.0004144230269015947	0.0027234148578137774	0.009084459780504253	0.017293012375196194	0.022224152142049744	0.025635211920921875	0.028311850156666946	0.030539439296783343	0.03247197133977034	0.034210729036104955	0.03583545212469366	0.037424398012602944	0.039081238643975974	0.0410171377393234	0.044439464392379516
4.683624044579476e7	-9.0	8.60703229467759e-5	8.668322488848266e-5	8.876908253290955e-5	9.335462107087626e-5	0.00010390205996970391	0.0001378252140972679	0.0004838429212901339	0.002926446449182106	0.009386537293264408	0.017687879373503697	0.022702794317160876	0.02618727097941307	0.028930541870198386	0.0312201301509572	0.033211659708840054	0.035007837898761156	0.03668986889000643	0.03833785245632304	0.04005842195409967	0.042069078907444546	0.045629049853994894
4.847536188973205e7	-8.989690783126049	8.755044027915599e-5	8.823384904613068e-5	9.056898005732314e-5	9.575132730151532e-5	0.00010790821892559798	0.000148988797193711	0.0005926817159106061	0.003208788129133655	0.009798152348669407	0.018220699728054467	0.023345817653766945	0.026927439434539242	0.02975922283048941	0.03213141505465877	0.03420173620876996	0.03607474121742773	0.03783354529696976	0.03956065218652623	0.04136651829809578	0.04347700385426545	0.04719885658721764
4.966145959438727e7	-9.0	8.870263872157855e-5	8.944291622649643e-5	9.19800220942756e-5	9.76511164849156e-5	0.00011115634944651241	0.0001586052151533897	0.0006827479513377885	0.0034205005740254773	0.0101011097951127	0.018609268150649894	0.023812756121227633	0.02746385141188922	0.030359170752134023	0.032790826191945614	0.03491799418202772	0.03684652720675893	0.03866089544137829	0.04044532650044636	0.04231310930275447	0.044497508104268474	0.04835953594716454
5.1187746692906745e7	-8.88607741310164	9.029638562934255e-5	9.111807426838711e-5	9.394563179454529e-5	0.00010032725393049943	0.00011583940879121965	0.00017339510877382568	0.0008124535624499836	0.0037020556770674413	0.010497383700830604	0.019113243787130273	0.024415945627521467	0.028155450763620162	0.031131900769975865	0.03363968157522057	0.03583977084908936	0.037839642137203824	0.03972547295846121	0.04158368396843811	0.04353120064090716	0.04580946460756335	0.04981474463471228
5.229073802202642e7	-9.0	9.153335196854579e-5	9.242034575479112e-5	9.548194865032297e-5	0.00010244238942086912	0.00011962901928301774	0.0001861912426669116	0.0009157221829000911	0.003911909734812941	0.0107883329233141	0.019480368857042275	0.024853662457091415	0.0286563811181877	0.03169102618208218	0.03425354228910935	0.036506159554336	0.03855749013805714	0.04049492091119783	0.04240643627625792	0.044411540754623405	0.04675770589942192	0.050884541417117034
5.3883349021838844e7	-8.934148471326617	9.345905285233785e-5	9.445124870293817e-5	9.789173809473823e-5	0.00010580045811136586	0.00012580447965061673	0.00020868684621685996	0.0010787013175732724	0.004224364251754548	0.011215326133013582	0.02001500716994172	0.025488643850279397	0.02938165319336408	0.03249968159349882	0.03514080338308329	0.0374689843899787	0.03959442859335531	0.04160622129456867	0.043594537508323046	0.045682436110425474	0.048125308338650086	0.05241940905674985
5.510850499028102e7	-9.0	9.506404396739691e-5	9.614708661104607e-5	9.991650053541289e-5	0.00010865919551556282	0.00013121472413278837	0.0002301051509749431	0.0012150572087486176	0.004472341409761915	0.011549444819475065	0.020430120449390018	0.02597971596273242	0.029941412239412064	0.033123075926890774	0.03582432753398043	0.03821041402177764	0.04039272868221428	0.042461640796048	0.04450900869403984	0.04666074071681706	0.04917968793742575	0.05360504092088041
5.6316031117423825e7	-9.0	9.67620472296008e-5	9.79442129049357e-5	0.00010207424994588552	0.00011174221067095772	0.0001372069061630634	0.0002556872503809912	0.0013586489707706007	0.004723239570024534	0.011883635835038289	0.02084265648951863	0.026466098449941713	0.030494846577620287	0.03373879519215781	0.03649901298432334	0.038941964103243396	0.04118018290220876	0.04330528056335131	0.04541075617496601	0.04762530008574366	0.05021831224738974	0.05479505114020357
5.767972121002997e7	-9.0	9.88320695446118e-5	0.00010013911015021731	0.00010472589423832538	0.00011558140596297704	0.00014489754159173162	0.0002912528714707773	0.0015316478901331843	0.0050143589684930896	0.01226696957716884	0.021312756956195496	0.02701841227114116	0.031122125761729087	0.03443589980099385	0.03726235229785972	0.03976927080933932	0.04207044532359667	0.04425886951619812	0.046429892466568416	0.04871537514033081	0.05139231274998282	0.05608369719293251
5.889680742397263e7	-9.0	0.00010082982094095223	0.00010226142690735418	0.00010730638499124809	0.00011936996070061744	0.00015273637289760352	0.0003303128739446315	0.0016956394124608594	0.0052811653672612	0.012614476538938069	0.021736222010268588	0.02751421635816702	0.031684162740040864	0.03505978987709172	0.0379450229787222	0.040508784194629	0.04286595062463204	0.0451107192996741	0.047340043467141005	0.04968844775747038	0.05243868469116793	0.05725824336900907
6.034131965982555e7	-9.0	0.00010340488522602194	0.00010500269626226088	0.00011066274074209099	0.0001243733528330304	0.00016347141820406916	0.00038739124693104745	0.00190188931368724	0.005606421074589749	0.013033622991679972	0.022243768003590122	0.028106383163248618	0.032354126446117085	0.035802595921060665	0.038757180223630804	0.04138809374720226	0.04381146557243686	0.046122888831846266	0.04842118374434749	0.050843998870571595	0.05368161717003378	0.058659659193038276
6.1821540318283014e7	-9.0	0.00010629963813669452	0.00010809157584510973	0.00011447515409333198	0.0001301585050160381	0.00017643204598856408	0.00045974178062373905	0.0021261966179496597	0.005949453041037269	0.013470812796583692	0.022769634464709716	0.028717604960213996	0.03304416530416158	0.036566637901895266	0.03959181633313906	0.042291181117158086	0.044782105047543416	0.047161584396629444	0.04953034212504434	0.052029312071349344	0.054956942918662884	0.06007987837329359
6.3239776989299774e7	-9.0	0.0001093459967819047	0.00011135021666472935	0.00011853092368960265	0.0001364297632255639	0.00019115430621485945	0.0005435550983665097	0.0023533179406809448	0.006287427276791817	0.013897119131165533	0.023279151875406554	0.029307643995020838	0.033708871280252274	0.03730163679918735	0.040393994061051576	0.04315858318012942	0.045713931867204724	0.04815835389268445	0.05059437703883397	0.05316606098597078	0.05617940027966508	0.06145092385751788
6.460675247409571e7	-8.979360638459037	0.00011256582263572288	0.00011480296303049155	0.0001228649989741293	0.00014326236773302823	0.00020800128374239514	0.0006385222238038779	0.0025834698650919045	0.006621872078398151	0.01431501498229133	0.02377567779846186	0.029880639515738112	0.03435305496235476	0.03801300429617618	0.04116967921631434	0.0439967901774157	0.04661394617495654	0.04912070888934657	0.051621332419828775	0.05426288314608147	0.05735867989653137	0.06277433120328627
6.587468909956008e7	-8.991210950567716	0.0001158305875589661	0.00011831253476391498	0.00012730800999134631	0.00015040538194491918	0.00022652263994937176	0.0007393928575041774	0.0028067716932855054	0.00693977084867839	0.014708879606045434	0.02424113263374853	0.030416041053795074	0.03495380798138205	0.038675573410376016	0.04189152099951394	0.0447763146288458	0.047450540705886286	0.05001490312606934	0.05257525454750616	0.05528148178378077	0.05845394164991424	0.06399974379709772
6.713839283270037e7	-8.97830234255113	0.00011938164271537711	0.00012213938339507787	0.00013219473561939323	0.00015842214918812208	0.0002484202077828815	0.0008522995598169659	0.003038712115462122	0.007264026377481941	0.015107505179236707	0.02470985544860461	0.030953551102605503	0.0355558036801773	0.03933869588974638	0.042613341234558344	0.045555317092798794	0.048286159505939015	0.050907693849215854	0.053527352926478894	0.056297808008363155	0.059546159565185636	0.06522450020198554
6.84615394724257e7	-8.975343476100942	0.00012345474693404256	0.00012654061208874735	0.00013786777570275104	0.0001679377922862896	0.00027592151785807255	0.0009837781602979006	0.0032915907713893062	0.007611539383984599	0.015531485102779706	0.025205919216275692	0.0315206615757758	0.03618974248620215	0.04003611605585511	0.04337180884177845	0.04637331651216771	0.04916314344950183	0.05184426985946888	0.05452576327074655	0.05736316545417564	0.060690414898032154	0.06649711543613311
6.936703728940234e7	-9.0	0.00012647388530353547	0.00012981084244884252	0.000142118802862846	0.00017521442037194229	0.0002980262566967201	0.0010815571336058876	0.0034705663661605927	0.007854127426400747	0.01582559345244927	0.025548599242821293	0.03191139613694215	0.03662580776541912	0.04051531982191367	0.04389255011081293	0.04693460249251808	0.04976463254971757	0.05248640815759429	0.05521013166163924	0.05809341849405208	0.061476368899111726	0.06741656090602746
7.070631432671204e7	-9.0	0.00013132304860523282	0.0001350768814929849	0.00014902697417939331	0.0001873051251146376	0.0003366848660007424	0.0012377445777212975	0.0037441055652900498	0.008220091484444523	0.016266577411117162	0.026060315345207124	0.03249335265983364	0.037274211314626327	0.04122707054632699	0.04466537477991982	0.04776709911411421	0.05065634775496281	0.05343805515053905	0.056224141022387916	0.0591754647103788	0.06264057384944668	0.06867102285935928
7.19172330011097e7	-9.0	0.0001361448473008478	0.00014032930177639645	0.00015599283480788873	0.00019982859008884404	0.0003789846270067542	0.001390770873231138	0.004000494133822647	0.008558382969396865	0.016671506488462506	0.026528081360546997	0.03302377192872055	0.03786408329119941	0.041873729732868674	0.045366852168600105	0.048522178099553885	0.051464638584568984	0.05430018048056095	0.057142164843350066	0.06015382195416945	0.06368705345483004	0.06983924028670303
7.334265208634354e7	-9.0	0.00014242254899275977	0.0001471908805848593	0.00016520395470065932	0.00021689815067512202	0.00043955298402725254	0.0015851850071194416	0.004313372420832857	0.008965714737871108	0.017155853877287706	0.027085059238278978	0.03365347272880564	0.03856300776136189	0.042638902159611566	0.046196057387977996	0.049414045324661406	0.05241873463978104	0.055317217659320364	0.05822445389056919	0.06130625229047889	0.06492042496498493	0.07122096487785953
7.486537251907618e7	-8.99392537861486	0.00014994884003163204	0.00015545059690268492	0.00017645533846089685	0.00023853185994640016	0.0005193761062131744	0.001809832396514629	0.004660901903125466	0.009411879061093201	0.017682615857195067	0.02768783642512377	0.034332719377195495	0.03931529385224783	0.04346123602682929	0.04708619197327071	0.050370588480030266	0.0534412571329066	0.05640647376541749	0.05938286757938561	0.06253915825462406	0.0662408734025766	0.07268517672798969
7.640594681145075e7	-8.969817797715667	0.00015856048879832189	0.00016494447795164155	0.00018960349627349855	0.00026489387133105943	0.000618223653179625	0.002054856888219706	0.00502656940920539	0.009875026074128823	0.01822557235259948	0.028306070478262984	0.03502704773265478	0.04008255638451697	0.04429859508877129	0.04799149453286644	0.05134249840425906	0.05447937433177368	0.05751156299195387	0.06055737280268383	0.06378855440751556	0.06757824060734981	0.07417414975786783
7.752593098297858e7	-9.0	0.00016554434661526129	0.00017267639893113395	0.0002004785673707196	0.00028756455024933446	0.0007024907373695934	0.002244158871702691	0.005301353150510225	0.010219254650398574	0.01862674072881961	0.028760947942296642	0.0355364466384432	0.040644368330781624	0.044910873232680955	0.04865274842138604	0.05205180325161905	0.055236465691275	0.05831701195460815	0.06141298217072256	0.06469839872029265	0.06855234782808271	0.07526104389786376
7.873863244672821e7	-9.0	0.00017388980893090941	0.00018195286865749328	0.0002137205570261953	0.00031619835465549503	0.0008061102275590721	0.00245972565937026	0.005607445861629597	0.010599219852579118	0.019067342802751686	0.029258748263915186	0.03609252629255085	0.04125661817697227	0.04557729268483926	0.049371793444921465	0.05282251701484049	0.05605858943876073	0.05919118408640273	0.06234118400806125	0.06568510760822989	0.06960855197852228	0.07644936920944775
8.042415853160748e7	-8.744688618659584	0.0001870483047866852	0.00019665871619550977	0.00023513970565172934	0.00036477279898726754	0.0009721791664265772	0.002777644717162904	0.006047805088493561	0.011140015341395651	0.019690675366680472	0.029959939853812446	0.0368734165496783	0.042114566949973446	0.046509700446924526	0.050376632903924655	0.05389853561681903	0.05720547808234996	0.060409868325661246	0.06363445972443414	0.0670592290073368	0.07107794527632437	0.07806032114966613
8.12807149498316e7	-9.0	0.00019453087073512758	0.00020506324913222574	0.00024761195007286463	0.00039423354161464584	0.001066582246302579	0.002947387167501603	0.006278313715769522	0.011420584826584167	0.020012415010595287	0.03032051632832082	0.037273915966633535	0.042553775103757	0.04698637687763813	0.05088980215989735	0.0544476001519715	0.057790312397971506	0.06103097802100277	0.06429332711447522	0.06775920632258331	0.07182801230875484	0.07890650278677806
8.27294043534515e7	-9.0	0.00020860033910347845	0.00022094626436284083	0.00027163148762147335	0.00045304130968775233	0.0012417659606481155	0.003247053879522395	0.006678583581010793	0.011904033217272729	0.020564314471834128	0.030936989898668863	0.03795701494154986	0.04330163336130924	0.047797013109887716	0.05176164211165344	0.05537967937374209	0.05878244041522337	0.06208400184998216	0.06540967355637368	0.06894414527399825	0.07309274755432392	0.08030614068554737
8.424340375759298e7	-8.98937078629618	0.00022550560755138613	0.00024016436749756402	0.0003014609758587386	0.000528947746717347	0.0014458365147311393	0.0035772312550624717	0.007111066725206228	0.012421470719332384	0.021151701378132794	0.03159036673369129	0.038678816029909226	0.04409015518808312	0.04865034032134755	0.05267823188142584	0.056358589029035934	0.05982350628602224	0.0631881106727761	0.06657929526639712	0.07018453015345676	0.07441559023702833	0.08176396966180824
8.55100189449569e7	-9.0	0.00024169162331818958	0.00025869674662140434	0.0003309933518860988	0.0006059253506118775	0.0016331362421516215	0.003866916283117456	0.007484175977200733	0.0128641169108365	0.02165161680586352	0.03214431143548575	0.03928905273676741	0.044755448014616867	0.049369206327847234	0.05344945917903223	0.05718143871177094	0.06069786691131844	0.06411472261065122	0.06756018307035813	0.07122401152957475	0.07552372785776754	0.08299251939017718
8.673818340319718e7	-9.0	0.0002594801891717693	0.0002792074382433243	0.00036451519275910885	0.0006939439891038185	0.001829244566906441	0.004159631399216341	0.007855940594898378	0.0133019787526166	0.02214391465166852	0.03268796686229605	0.03988645696988067	0.045405564775755	0.05007070034419108	0.054201223590290844	0.057982800681028596	0.06154874222099121	0.06501583462954279	0.06851348700752957	0.07223372774602069	0.07660000335221073	0.08418439783377413
8.811515870899652e7	-9.0	0.0002823147336161451	0.0003057477438236812	0.0004091073233339798	0.0008098984979879998	0.0020661861528506837	0.004501817095453354	0.00828463419039785	0.013803225158995097	0.022704899652739505	0.03330531425764218	0.04056307927595975	0.04614048775648825	0.05086254597516988	0.05504883045496489	0.05888546586498821	0.0625064009122989	0.06602931008953024	0.06958497744116572	0.07336800180919388	0.07780837386906166	0.08552520474793551
8.963460528559595e7	-8.984308926990176	0.00031176929402698423	0.00034031650908860944	0.0004690131269925336	0.0009607186544205369	0.00234876217826591	0.0048968417639266145	0.008772553709671295	0.014369295490743278	0.023335282051764	0.03399637737126307	0.04131832486666341	0.04695906951310483	0.05174308876196544	0.055990150754770075	0.05988685281651885	0.06356782320443526	0.06715169967258697	0.07077078052028915	0.07462251638211036	0.07914401796867056	0.08699019049305412
9.086858206794868e7	-9.0	0.00033966227610819936	0.00037337793418610563	0.0005279019214038054	0.0011018573277640179	0.0025947271352904965	0.0052313397773978195	0.009180532389676976	0.014839259311299383	0.023856212794723823	0.03456540110549327	0.0419385113377817	0.047629907171410316	0.05246357249344295	0.0567593946186023	0.06070432884766652	0.06443353544239933	0.0680664177305179	0.07173648363589348	0.07564343281460642	0.08022985241316649	0.08818909833208344
9.212638548669738e7	-9.0	0.0003725298949487181	0.00041271140154340753	0.0005994504410600457	0.0012636230287749422	0.0028608444398281136	0.005585168916755138	0.009607459451460196	0.015327986855487866	0.02439570226564685	0.035152794936312674	0.04257715320193511	0.048319438347569216	0.05320307177584661	0.05754802885632436	0.06154160609932313	0.06531948776577881	0.06900184145815204	0.07272338793666736	0.07668608248617777	0.08133817168108187	0.08941063221269989
9.3430599033548e7	-9.0	0.0004123245606988075	0.00046082507373164123	0.0006882521188383795	0.0014510207486913707	0.003153459673357101	0.005966065110973193	0.010062227954677533	0.015845342689927593	0.02496439457967269	0.035769940799109036	0.04324645639799753	0.049040702276018325	0.05397545225288623	0.05837073733176265	0.06241418260045005	0.06624199606821454	0.06997512033942553	0.07374951371706767	0.07776944609609716	0.0824889543566297	0.09067738664723406
9.489877087505744e7	-9.0	0.00046570556150080827	0.0005260837376203604	0.0008091468624313552	0.0016866110876801613	0.003503590592903679	0.0064123477627871265	0.010589311240978118	0.0164410260099088	0.025616237448330935	0.036474800537858044	0.04400880579143603	0.04986053703612634	0.0548519592736942	0.059303122346012684	0.06340199039053786	0.06728533704983346	0.07107495620168974	0.07490817708402338	0.07899185026289451	0.08378652037426189	0.09210563802248373
9.648769834203409e7	-8.808478709313876	0.0005364562486806033	0.0006135357151776637	0.0009688813225731002	0.0019718696900525652	0.0039079196302629765	0.006916883535633313	0.011178436364262556	0.01710211767679313	0.026336083083080174	0.0372501316463593	0.04484484846091128	0.05075755316689888	0.055809236490146914	0.060319915473155176	0.0644778839931262	0.06842049906863441	0.07227045091602603	0.0761665276194936	0.08031834206849278	0.08519324696862524	0.09364031229122037
9.739506426590616e7	-9.0	0.0005844032630726367	0.0006732045052371107	0.0010751142525117876	0.002149313596327036	0.004151004317117004	0.0072153824246605144	0.011523882657309146	0.017487565720054304	0.026754099837181463	0.03769891423208951	0.04532757778065609	0.05127450856775208	0.05636009304436648	0.06090430503107754	0.06509561092095414	0.06907169131760744	0.07295574667375145	0.07688741737605971	0.08107801267652034	0.08600009808562822	0.09453443660718187
9.878972861429605e7	-9.0	0.0006714730601709067	0.000781875908597749	0.0012616253505071953	0.00244333536233826	0.0045424760192166605	0.007689416141761091	0.01206809251835942	0.018091648043551768	0.027406780976991542	0.03839752816891425	0.04607730280431189	0.052075963663472544	0.05721289572736808	0.061807968235063834	0.06604988544898967	0.07007680191281443	0.07401267522123708	0.07799840224393992	0.08224767376055252	0.08723827760096005	0.0958907542110982
1.0030917515020801e8	-8.970706785793734	0.0007894544862558004	0.0009286653693981118	0.0014993163041315577	0.002794113846062245	0.004994520347131311	0.008227713702193985	0.012680010968097705	0.018766542278304467	0.028132428110215345	0.039171248761826004	0.04690517908736253	0.05295894574938152	0.058150736246839384	0.06280025146844505	0.06709641687139369	0.07117787201544659	0.07516936557595845	0.07921310490353808	0.08352521142470135	0.0885892319676102	0.09735915990806726
1.014668763244208e8	-9.0	0.0008998597795866336	0.0010645029565676688	0.0017063701567497926	0.003083671943559131	0.00535765842379096	0.008653882953789896	0.013160194778581654	0.01929296041835308	0.028695962544255587	0.03976994789429207	0.04754401871410166	0.05363885551979148	0.05887165258133773	0.06356194196656746	0.06789878948665799	0.07202118079701073	0.07605444232481479	0.08014174399765528	0.08450101590364678	0.0896204427391609	0.09848801861905596
1.0251499357900074e8	-9.0	0.0010186872326785575	0.001208367988494761	0.001914471420779288	0.0033632588186555206	0.005701071597102112	0.009052279701615991	0.013605928063597261	0.019779941784963572	0.029214677649214076	0.04031913097999422	0.04812864786822956	0.054259947771140085	0.05952925145686678	0.0642559041272092	0.06862907577740635	0.07278804663340539	0.0768586470687592	0.0809848953812763	0.08538633840810612	0.0905552728500948	0.09950830073416776
1.035893768925884e8	-9.0	0.0011626466728720589	0.001379089076447664	0.0021493623625349224	0.003667880569914128	0.006068232491362017	0.009473646812178807	0.014074135825018987	0.020289127944333074	0.029754894847748646	0.040889408891515044	0.048734333221426424	0.05490226876354773	0.06020835876947225	0.06497172098672582	0.06938160852201293	0.07357758477154325	0.07768597918576867	0.0818516626458645	0.08629582942329357	0.09151499108192576	0.10055377372502947
1.0477653711821227e8	-9.0	0.0013522816903423999	0.0015982433254089375	0.002435892591159645	0.004026853158697094	0.0064927192217680285	0.009955351859774572	0.014605513543173087	0.02086300025488323	0.03036240779294302	0.041528563294828576	0.04941145074635956	0.055618948133972675	0.060964902281068295	0.06576813283625745	0.07021795481529668	0.07445422164419169	0.07860379436400379	0.08281246836795048	0.087303245544127	0.09257728780301368	0.10170993498732482
1.0566689370971623e8	-9.0	0.001518479878368718	0.0017856327702297941	0.002670500897714239	0.00431233481405081	0.006824703955140267	0.010328262274007504	0.015014046992229932	0.02130117672673674	0.03082541792150054	0.042014346426204635	0.04992489394118459	0.05616140515145988	0.061536695546258985	0.06636932958454629	0.07084864775748526	0.07511470510768083	0.07929474802965872	0.08353525374968188	0.0880605693244865	0.09337532703251278	0.10257742642666805
1.0669389650301324e8	-9.0	0.001738523539536919	0.002028295517715192	0.002963375799900292	0.004659934404528137	0.007222973863330341	0.010771505317979251	0.015496666916847533	0.021819794236013147	0.031368311526927456	0.04258185264549492	0.05052337323666807	0.056792610660735356	0.06220111124423597	0.06706710722757646	0.07157994425154975	0.07587989204433718	0.08009462683552276	0.0843713989823328	0.0889360904043121	0.09429728445089927	0.10357843453543289
1.0767359597129443e8	-9.0	0.001978951635433729	0.002287965058636761	0.003266232982512255	0.005010824456293617	0.007619085435385139	0.011208197194771697	0.01596919069276038	0.022322279536399314	0.0318951707764986	0.043130764838526486	0.051100796325507306	0.05740046305870185	0.06283998179056328	0.06773722258375932	0.07228150887053535	0.07661329584794947	0.08086065408575463	0.0851715562369016	0.08977332576703931	0.09517824760515622	0.10453371719265157
1.0857116593775272e8	-9.0	0.002226875516657951	0.002551300052627059	0.003564878426635187	0.005349742971066475	0.007996617358349568	0.011620764689809526	0.01641282235048357	0.022792300247138034	0.0323857286833616	0.043640371831082894	0.051635618505752365	0.05796245666199487	0.06342979975864202	0.06835514680100394	0.07292777669918776	0.07728829721028242	0.08156512585086294	0.08590688223013591	0.0905421870368703	0.0959866537415179	0.10540925180076596
1.0948437581991443e8	-9.0	0.0025072416573009154	0.0028451607031467906	0.003890457367680337	0.005712536369387439	0.008395797279768287	0.012053326747186028	0.016875060393965854	0.023281330973912086	0.03289259988962621	0.04416564738461726	0.05218566666804331	0.05853943369184928	0.0640344809190744	0.06898789412024538	0.07358888316863019	0.07797819348737474	0.08228458069060225	0.08665730655283083	0.09132628583802371	0.09681045560569494	0.10630038025251483
1.1048389181604205e8	-9.0	0.002847342445420432	0.003197661042641611	0.0042729721496393746	0.006131431057632839	0.008851092986730829	0.012542512039178493	0.017394747948443916	0.023826447021399473	0.03345779281865164	0.04474893743504357	0.05279488541257722	0.05917722719463785	0.0647018503382808	0.06968533442626348	0.07431678146489458	0.07873706467519359	0.0830752905746163	0.08748140310873691	0.0921867011677359	0.09771368553068	0.10727613346368128
1.1112043588390592e8	-9.0	0.003082206010242328	0.0034392494184127278	0.004531256511381506	0.0064105416968841845	0.009151478693925349	0.012862956071416584	0.01773332866575825	0.024182728983399546	0.03382335657189629	0.045125100483660356	0.05318692022262406	0.05958695473128832	0.06512999145539917	0.07013225985445017	0.07478277553829726	0.07922248023651814	0.08358069294812001	0.08800778003797222	0.09273590346421386	0.09828979265882287	0.10789777278100664
1.1220367588713695e8	-9.0	0.0035146063369391727	0.0038812643157073163	0.004997728681529081	0.006908418813611498	0.009682157330639365	0.013425012869597313	0.01832400794509434	0.02479646427463304	0.03445565955541603	0.045774090240111226	0.05386165645706357	0.060290835934714924	0.06586441011513512	0.07089795538986671	0.07558030528702228	0.08005249299653125	0.08444417778914227	0.08890642176320629	0.09367282109583422	0.09927182279106964	0.10895607034248161
1.128628227878104e8	-9.0	0.003797771595580683	0.004169295009845831	0.005298421868789766	0.007225838134641917	0.010017436776514713	0.01377760116482064	0.018692371719845627	0.025177704333708247	0.0348466884014988	0.04617455383678884	0.05427704815241653	0.06072335888309633	0.06631500899602379	0.07136714733320788	0.07606847583897908	0.08056006774797914	0.08497177581646798	0.08945507066172294	0.09424439925421409	0.09987042344665925	0.1096003082402184
1.1369102998293601e8	-9.0	0.004174832707410094	0.00455156860645816	0.005694488222063367	0.007640521425207208	0.010452351380719255	0.014232325153243845	0.019165169884449045	0.02566540351236367	0.0353450347695865	0.04668388962225906	0.054804335644733256	0.061271502936289635	0.06688530141851291	0.0719603122623098	0.07668504965619027	0.08120061986245676	0.0856371035318072	0.09014646794646251	0.09496420478274942	0.10062370675058763	0.11041007896819456
1.1459427400735736e8	-9.0	0.004612691528152669	0.0049941328921363996	0.006149713031988538	0.008113226568068562	0.010944425197195892	0.014743608350588168	0.01969412073593378	0.02620938193384898	0.03589850238303353	0.047247549134377495	0.055386461555876614	0.061875482027595734	0.06751268674451863	0.0726119942887296	0.07736168348848857	0.0819028732808513	0.08636587242913467	0.0909031677657703	0.09575135843252516	0.10144674747650603	0.11129360502544915
1.1546709157058051e8	-9.0	0.00506172819421816	0.005446900036099357	0.0066126618983987865	0.008590521425739536	0.01143791061421326	0.0152533651328897	0.020218980578930127	0.026748507474418353	0.03644360978424518	0.04780069840058152	0.055956268920782995	0.062465475584647066	0.06812452086784965	0.07324663544825841	0.07801983843966265	0.08258523654023432	0.08707333758374798	0.09163710751179327	0.09651418288078077	0.10224360955115341	0.11214776692726351
1.1631640047546288e8	-9.0	0.0055226413944489475	0.005910797828812695	0.00708479894311982	0.009074465368653245	0.011935399472131679	0.015764650847473163	0.02074325574736936	0.027282810816641703	0.0369844517987297	0.04834734963089812	0.0565179087508197	0.06304582595544747	0.068725352065403	0.07386899578363777	0.0786644901019156	0.08325290500926556	0.08776492066088613	0.092353946495645	0.09725859647840537	0.10302051765864975	0.11297931104067423
1.169215938491183e8	-9.0	0.00586523614103504	0.0062551882601306055	0.007434187267298051	0.009431107429888704	0.012300476572271476	0.01613844354716816	0.02112551340966582	0.027677349594219858	0.037377087132338484	0.04874220431952501	0.05692262573924151	0.06346327513434459	0.0691569055177037	0.07431547185517993	0.07912648038089969	0.08373095861428417	0.08825969575061562	0.09286640290306346	0.09779037050858211	0.10357505713800925	0.11357208758360918
1.1774479886375134e8	-9.0	0.006349757821412211	0.006741770962290216	0.007926543163992392	0.009931926951901449	0.012811240463463344	0.016659560082951597	0.021656520698063616	0.028213927756071327	0.037918525830109566	0.049286546690509844	0.057479319017757755	0.06403647303702471	0.06974861762874046	0.07492690692657432	0.07975850902806536	0.08438437183693016	0.08893541415351036	0.09356573777992021	0.09851552586460201	0.10433064333497734	0.11437873002166071
1.1849591365970916e8	-9.0	0.0068100644849701355	0.007203623355094547	0.008392749404374565	0.01040457044614948	0.013291503962398832	0.017147753588290737	0.022152061410734	0.028713128696807397	0.03842087982862275	0.049790617511264484	0.05799364128151646	0.06456502298957943	0.07029336820789975	0.07548905790016967	0.08033892247501997	0.08498381505864835	0.08955475349675493	0.0942061757999855	0.09917905135584593	0.10502138132240221	0.11511507090081723
1.1916915288978133e8	-9.0	0.007237068830846872	0.00763177590115571	0.008824147265907608	0.010840789614058636	0.013733443232922552	0.017595602783419206	0.02260522064237003	0.029170104350421968	0.03887794054259049	0.05024851091206063	0.05845993382097444	0.06504338946087299	0.07078568262304621	0.07599647329088012	0.08086226692900664	0.08552381396662787	0.09011220528618388	0.09478216348646915	0.09977533921430677	0.10564159919265849	0.1157753477222853
1.1991799303861077e8	-9.0	0.007727676341983858	0.008123429161825365	0.009318762417280467	0.011339815316239479	0.014237697849936419	0.018105213857141374	0.02311955372402228	0.02968903745796905	0.039394415798214254	0.050764760734510465	0.058984624841131324	0.06558074003243707	0.07133789391172242	0.07656491526853922	0.08144792363419448	0.08612753527000916	0.09073490444988555	0.09542505126028379	0.10044035746319449	0.10633270913682191	0.11651008761380487
1.2075432222244953e8	-9.0	0.008294623617190475	0.00869129218410526	0.009889221118982862	0.011914138605444767	0.014816583942294625	0.01868872051520435	0.023707050188869327	0.030282646443968917	0.03998169789214689	0.05135021366990803	0.0595783352952773	0.06618760705744972	0.07196052227511802	0.07720494545630881	0.08210653478356635	0.08680573159621324	0.09143373831620898	0.09614588300889261	0.10118533006527886	0.1071061500936025	0.11733107345103423
1.2128360625979635e8	-9.0	0.008663563643501595	0.009060690536080617	0.010259917732506101	0.012286763159925456	0.015191469854329523	0.01906586978750215	0.024086161545185194	0.030658228821136092	0.04035940721866859	0.05172570812866996	0.05995839034774669	0.0665754389870776	0.07235786151623536	0.07761289160184441	0.08252587875557812	0.08723713974855443	0.09187789488913713	0.09660365364543941	0.10165805685368182	0.1075965183493182	0.11785087267490373
1.219539674335038e8	-9.0	0.009141843177613391	0.009539428888750104	0.01073995186084351	0.0127687065706291	0.015675614031965605	0.019552125355226126	0.0245739536360719	0.031145928502617517	0.04084366893237269	0.05220684788945462	0.060444612559308115	0.06707090714658659	0.07286484843577233	0.07813285478904781	0.08305986851276374	0.08778603401532444	0.09244258050449874	0.09718523214486934	0.1022582119931588	0.10821859076585674	0.11850947422120492
1.2274902224068312e8	-9.0	0.009724664517659814	0.010122636233210663	0.011324240786680463	0.013354558442018452	0.016263193187592548	0.020141199317509264	0.025163740417024807	0.03173432896093376	0.0414272017025811	0.05278567361598904	0.06102846122129021	0.06766483716330522	0.07347167041589357	0.07875439051640229	0.08369743417719896	0.08844072053883677	0.09311546940331426	0.09787763752726612	0.10297210732633044	0.10895784940111072	0.11929095589975584
1.2342382048175946e8	-9.0	0.010232267525895573	0.010630446971150962	0.01183262306692002	0.013863729982565066	0.01677315175368808	0.02065166505817802	0.02567412487857197	0.032256303945197934	0.04193069840488049	0.05328404353429352	0.061530233135566534	0.0681744052325785	0.07399151550372418	0.0792861371198667	0.08424225930918071	0.08899959263756617	0.09368933197341636	0.09846761257004652	0.1035798496054392	0.10958656993335361	0.11995455831444488
1.2412080478920117e8	-9.0	0.010768764987043294	0.011167059052343435	0.01236953731942881	0.014401016825064686	0.017310711272601143	0.02118921655601298	0.026211345758570027	0.0327811523061705	0.04245942658453376	0.0538058908516119	0.06205467238010409	0.06870613488421314	0.07453320036051803	0.07983953392521345	0.08480864327282911	0.0895800061972032	0.09428477510692912	0.09907925104226806	0.10420937312472506	0.1102372205224616	0.12064029740826089
1.2479134692056105e8	-9.0	0.01129627736855792	0.011694591899019108	0.012897098972060192	0.01492852272248754	0.01783793451644465	0.02171573472519692	0.02673630296239824	0.03330159128225473	0.0429745871802194	0.05431460603767793	0.06256513944730606	0.06922292001213996	0.07505894057687902	0.08037598543257136	0.08535708575758955	0.09014148097416602	0.09486026757807915	0.09966988865881392	0.10481676214863471	0.11086440729624047	0.12130032830571433
1.2538065070138258e8	-9.0	0.011768863378835802	0.012167129405024396	0.013369467007463134	0.015400530685829552	0.01830927868530052	0.022185934290309572	0.027204512197674745	0.03376590563940885	0.0434331730305142	0.05476711004875572	0.06301861055912569	0.06968138554062782	0.07552477090169177	0.0808507746962795	0.0858420001364957	0.0906374661880784	0.09536820831956151	0.1001907804111537	0.10535200065539875	0.11141661037369352	0.12188064659199391
1.2598985134590305e8	-9.0	0.012266032379975412	0.012664188032791557	0.013866173438801772	0.01589658078579968	0.01880426327210699	0.02267927554192987	0.027695323514119203	0.03425314267410353	0.04391309797890298	0.055240246214027636	0.0634922012950779	0.07015959764622884	0.0760100999223403	0.08134491523455084	0.08634619701600597	0.09115272636364	0.09589546434555238	0.10073106569244325	0.10590674213459998	0.1119884552482437	0.12248080926420893
1.2666363723782001e8	-9.0	0.012825887699102293	0.013223856090317515	0.014425260327498569	0.016454634792371612	0.0193607344315903	0.02323346124880312	0.02824628188585255	0.034801913062259306	0.04445098119983112	0.05576992971706048	0.06402174386570143	0.07069361602180252	0.07655140201694688	0.0818954271585665	0.08690734027719484	0.09172564845486239	0.09648121751708195	0.1013307977134374	0.10652201205639032	0.11262212045460226	0.12314489939324512
1.2737516500523132e8	-8.991926434652832	0.013428203676827753	0.013825907202708227	0.015026500650477078	0.01705447019996336	0.019958490051633745	0.0238283425852687	0.028837313317263743	0.03539486501703843	0.04502709008693738	0.05633662315607864	0.06458755338465824	0.07126343406898183	0.07712824271624336	0.08248137957485269	0.08750395419005827	0.09233417288706613	0.0971027867193348	0.10196662879311434	0.10717372912354635	0.11329265987352376	0.1238465344097998
1.2789263398242041e8	-9.0	0.013873248648350415	0.014270720763342093	0.015470610987332071	0.01749737910454811	0.020399656839916444	0.024267170032295282	0.029273154699867215	0.035817204524624106	0.04545145783577107	0.05675353772666309	0.065003345429732	0.07168167957854454	0.07755116380373307	0.08291052915503655	0.08794048948445912	0.09277902556666762	0.09755679614599642	0.10243068312006873	0.10764899489954698	0.11378121987921742	0.12435703470992167
1.2841229298005527e8	-9.0	0.014325971069379157	0.014723180048911256	0.015922273668064313	0.01794769051451562	0.020848027417856633	0.024712957297108103	0.02971561284770265	0.03625916362243059	0.045881836047066256	0.05717624023085967	0.06542454399034298	0.07210496204782696	0.07797878056066966	0.08334406460053047	0.08838112925906072	0.0932277238889029	0.09801440751896541	0.10289810157543182	0.10812737922183657	0.11427261656903497	0.12486988784531643
1.2904832894902594e8	-9.0	0.014887827686584067	0.015284676598990452	0.01648268364466542	0.018506268687931808	0.021403997407138997	0.025265492204405847	0.030263761474738936	0.036800178100849096	0.046414519475544695	0.05769912366863761	0.06594507176414022	0.07262752538920457	0.07850615778270933	0.08387822676362607	0.08892355806593516	0.09377961165753625	0.09857681533349937	0.10347212620057383	0.10871442132761867	0.11487511903561465	0.12549785802657007
1.2972704059033643e8	-9.0	0.01549654246359572	0.015892963059891314	0.01708968008094963	0.01911109758478998	0.02200574995866391	0.025863186589585318	0.030856166787501877	0.037388402839065825	0.046989606378299555	0.05826369035843941	0.06650657964445063	0.07319060789648951	0.07907379359360842	0.08445255028106598	0.08950618320714587	0.09437183785437549	0.09917979182532921	0.10408702544403707	0.10934271590460756	0.11551933988121894	0.12616828502028687
1.3024233218434095e8	-9.0	0.015964860645465928	0.01636092820495139	0.017556583367024838	0.019576221187953567	0.02246835645653525	0.026322492041231497	0.03131127922449059	0.037832285575626505	0.04743113108721063	0.05869687011442666	0.06693707101065144	0.07362189088459428	0.07950813546088031	0.08489159004945379	0.0899511668401255	0.09482376933777166	0.09963955458533941	0.10455551057775757	0.10982102585524145	0.11600934354397853	0.1266775107231675
1.3078269659983213e8	-9.0	0.016461551183340934	0.016857224311385765	0.01805169414801508	0.020069348717889866	0.022958686177726336	0.0268091683305834	0.03179334094053483	0.03830841435778212	0.04789852161020692	0.059155318705452	0.0673923801639068	0.07407766805818161	0.07996675782360818	0.08535478995705716	0.0904202677352015	0.0952998387758944	0.1001235281763228	0.10504832307310805	0.11032381851027719	0.11652402704610919	0.1272117224521705
